
208
168
78
253
112
46
201
23
153
214
154
190
249
255
110
228
216
162
144
101
237
225
226
75
83
161
70
139
135
89
118
165
69
133
205
205
26
43
46
211
243
58
79
145
197
110
167
67
242
234
47
192
17
107
82
99
77
142
214
147
83
32
111
203
10
208
225
29
34
111
58
181
201
126
194
100
30
123
129
90
66
247
40
35
124
128
29
124
119
105
198
90
233
149
192
176
6
175
161
163
205
15
115
161
240
177
41
220
156
36
107
85
0
137
148
24
150
174
185
182
247
136
179
188
25
136
24
255
210
104
151
231
160
155
148
246
15
169
204
74
223
106
25
155
255
177
219
251
217
217
